correlation spearman,p-value spearman,correlation permutation,p-value-permutation-test,nb-word,filepath
0.14828214069686435,0.12113036475078442,0.14828214069686435,0.12187812187812187,64,word_similarity_dataset/wordsim353_sim_rel/wordsim_similarity_goldstandard.txt
-0.009758070204535348,0.5342299134423492,-0.009758070204535348,0.5424575424575424,80,word_similarity_dataset/wordsim353_sim_rel/wordsim_relatedness_goldstandard.txt
-0.19999999999999998,0.6,-0.19999999999999998,0.8,4,ConceptSim_dataset/ConceptSim/MC_word.txt
0.13780278623480366,0.09635452239390813,0.13780278623480366,0.1048951048951049,91,word_similarity_dataset/wordsim353_sim_rel/wordsim_similarity_goldstandard.txt
-0.01930766882904816,0.5804247529297557,-0.01930766882904816,0.5734265734265734,113,word_similarity_dataset/wordsim353_sim_rel/wordsim_relatedness_goldstandard.txt
-0.5714285714285715,0.9098990055442363,-0.5714285714285715,0.935064935064935,7,ConceptSim_dataset/ConceptSim/MC_word.txt
0.12809199038377986,0.08916058782781211,0.12809199038377986,0.07192807192807193,112,word_similarity_dataset/wordsim353_sim_rel/wordsim_similarity_goldstandard.txt
-0.0014785412455190577,0.5069664283168733,-0.0014785412455190577,0.5304695304695305,142,word_similarity_dataset/wordsim353_sim_rel/wordsim_relatedness_goldstandard.txt
-0.5,0.8734150024498386,-0.5,0.8691308691308691,7,ConceptSim_dataset/ConceptSim/MC_word.txt
0.011487826344044516,0.45044792508131404,0.011487826344044516,0.4755244755244755,120,word_similarity_dataset/wordsim353_sim_rel/wordsim_similarity_goldstandard.txt
-0.04096202471820182,0.6935918739928719,-0.04096202471820182,0.6963036963036963,155,word_similarity_dataset/wordsim353_sim_rel/wordsim_relatedness_goldstandard.txt
0.11666666666666665,0.3825039714630731,0.11666666666666665,0.3676323676323676,9,ConceptSim_dataset/ConceptSim/MC_word.txt
0.08042124234625551,0.18729656273312817,0.08042124234625551,0.17782217782217782,124,word_similarity_dataset/wordsim353_sim_rel/wordsim_similarity_goldstandard.txt
-0.06836940360096068,0.8063362416787248,-0.06836940360096068,0.8071928071928072,162,word_similarity_dataset/wordsim353_sim_rel/wordsim_relatedness_goldstandard.txt
-0.009090909090909092,0.5105817499279033,-0.009090909090909092,0.5124875124875125,11,ConceptSim_dataset/ConceptSim/MC_word.txt
0.11483916452747159,0.09575542098879528,0.11483916452747159,0.09490509490509491,131,word_similarity_dataset/wordsim353_sim_rel/wordsim_similarity_goldstandard.txt
-0.03761474664206188,0.6873815340819045,-0.03761474664206188,0.6983016983016983,171,word_similarity_dataset/wordsim353_sim_rel/wordsim_relatedness_goldstandard.txt
0.08181818181818183,0.4054951971500229,0.08181818181818183,0.41058941058941056,11,ConceptSim_dataset/ConceptSim/MC_word.txt
0.08447167587279993,0.1631948571359258,0.08447167587279993,0.16583416583416583,137,word_similarity_dataset/wordsim353_sim_rel/wordsim_similarity_goldstandard.txt
-0.03740985973841778,0.6879630304696494,-0.03740985973841778,0.6993006993006993,174,word_similarity_dataset/wordsim353_sim_rel/wordsim_relatedness_goldstandard.txt
0.05454545454545456,0.43672328876165745,0.05454545454545456,0.45554445554445555,11,ConceptSim_dataset/ConceptSim/MC_word.txt
0.04141255655494557,0.3129241159772468,0.04141255655494557,0.31868131868131866,141,word_similarity_dataset/wordsim353_sim_rel/wordsim_similarity_goldstandard.txt
-0.05888196410542471,0.7831710445190543,-0.05888196410542471,0.7462537462537463,179,word_similarity_dataset/wordsim353_sim_rel/wordsim_relatedness_goldstandard.txt
-0.20909090909090913,0.7313895323943387,-0.20909090909090913,0.7472527472527473,11,ConceptSim_dataset/ConceptSim/MC_word.txt
0.07084147180867578,0.20108123646704268,0.07084147180867578,0.2057942057942058,142,word_similarity_dataset/wordsim353_sim_rel/wordsim_similarity_goldstandard.txt
-0.0581030116270144,0.781402045433093,-0.0581030116270144,0.7602397602397603,181,word_similarity_dataset/wordsim353_sim_rel/wordsim_relatedness_goldstandard.txt
0.10507897025075195,0.3725883109562588,0.10507897025075195,0.36863136863136864,12,ConceptSim_dataset/ConceptSim/MC_word.txt
0.04342532665056283,0.30074609101154604,0.04342532665056283,0.27972027972027974,147,word_similarity_dataset/wordsim353_sim_rel/wordsim_similarity_goldstandard.txt
-0.051883719172864176,0.7602557943490423,-0.051883719172864176,0.7772227772227772,188,word_similarity_dataset/wordsim353_sim_rel/wordsim_relatedness_goldstandard.txt
0.014010529366766927,0.48276499268637885,0.014010529366766927,0.46853146853146854,12,ConceptSim_dataset/ConceptSim/MC_word.txt
0.05615998710244579,0.24669984593223682,0.05615998710244579,0.24675324675324675,151,word_similarity_dataset/wordsim353_sim_rel/wordsim_similarity_goldstandard.txt
-0.019257522934790435,0.6042725181251591,-0.019257522934790435,0.5914085914085914,191,word_similarity_dataset/wordsim353_sim_rel/wordsim_relatedness_goldstandard.txt
0.03152369107522558,0.46126243226077024,0.03152369107522558,0.45454545454545453,12,ConceptSim_dataset/ConceptSim/MC_word.txt
-0.01203765249313376,0.5585091136838864,-0.01203765249313376,0.5624375624375625,152,word_similarity_dataset/wordsim353_sim_rel/wordsim_similarity_goldstandard.txt
-0.083490248769764,0.8758248340474848,-0.083490248769764,0.8951048951048951,193,word_similarity_dataset/wordsim353_sim_rel/wordsim_relatedness_goldstandard.txt
-0.049036852783684234,0.5601452794095566,-0.049036852783684234,0.5894105894105894,12,ConceptSim_dataset/ConceptSim/MC_word.txt
-0.03965900223707385,0.6879141960655693,-0.03965900223707385,0.6933066933066933,155,word_similarity_dataset/wordsim353_sim_rel/wordsim_similarity_goldstandard.txt
-0.11238532471786324,0.9425316981028126,-0.11238532471786324,0.9400599400599401,198,word_similarity_dataset/wordsim353_sim_rel/wordsim_relatedness_goldstandard.txt
-0.25558544611495526,0.82105779532334,-0.25558544611495526,0.8171828171828172,15,ConceptSim_dataset/ConceptSim/MC_word.txt
-0.015457858299213777,0.5756989670561066,-0.015457858299213777,0.5604395604395604,155,word_similarity_dataset/wordsim353_sim_rel/wordsim_similarity_goldstandard.txt
-0.09632493668506861,0.9120391884726016,-0.09632493668506861,0.8961038961038961,199,word_similarity_dataset/wordsim353_sim_rel/wordsim_relatedness_goldstandard.txt
-0.2716712434228895,0.8363300400402733,-0.2716712434228895,0.8281718281718282,15,ConceptSim_dataset/ConceptSim/MC_word.txt
0.02604170557298069,0.3722735586987337,0.02604170557298069,0.3646353646353646,159,word_similarity_dataset/wordsim353_sim_rel/wordsim_similarity_goldstandard.txt
-0.05899058098106247,0.79784180768279,-0.05899058098106247,0.7942057942057942,202,word_similarity_dataset/wordsim353_sim_rel/wordsim_relatedness_goldstandard.txt
-0.06091895494325234,0.5948831780369002,-0.06091895494325234,0.6003996003996004,18,ConceptSim_dataset/ConceptSim/MC_word.txt
