correlation spearman,p-value spearman,correlation permutation,p-value-permutation-test,nb-word,nb_vocab,nb_sent,filepath
-0.06848977788538553,0.6379632481816961,-0.06848977788538553,0.6193806193806194,29,1314,888,word_similarity_dataset/wordsim353_sim_rel/wordsim_similarity_goldstandard.txt
-0.4265576760370856,0.9952607084429043,-0.4265576760370856,0.998001998001998,36,1314,888,word_similarity_dataset/wordsim353_sim_rel/wordsim_relatedness_goldstandard.txt
0.9999999999999999,,0.9999999999999999,1.0,2,1314,888,ConceptSim_dataset/ConceptSim/MC_word.txt
-0.0697702686849577,0.6696884702315801,-0.0697702686849577,0.6653346653346653,42,1745,1180,word_similarity_dataset/wordsim353_sim_rel/wordsim_similarity_goldstandard.txt
0.10614003473080785,0.22246997522600281,0.10614003473080785,0.22377622377622378,54,1745,1180,word_similarity_dataset/wordsim353_sim_rel/wordsim_relatedness_goldstandard.txt
-0.7999999999999999,0.8999999999999999,-0.7999999999999999,1.0,4,1745,1180,ConceptSim_dataset/ConceptSim/MC_word.txt
0.13680280662276167,0.16921857252036526,0.13680280662276167,0.16683316683316685,51,2456,1579,word_similarity_dataset/wordsim353_sim_rel/wordsim_similarity_goldstandard.txt
0.1646263893786309,0.09864122837115834,0.1646263893786309,0.11388611388611389,63,2456,1579,word_similarity_dataset/wordsim353_sim_rel/wordsim_relatedness_goldstandard.txt
-0.7,0.9059397978129063,-0.7,1.0,5,2456,1579,ConceptSim_dataset/ConceptSim/MC_word.txt
0.048498303262548524,0.36639154561191023,0.048498303262548524,0.36363636363636365,52,2416,1730,word_similarity_dataset/wordsim353_sim_rel/wordsim_similarity_goldstandard.txt
0.008870073583094589,0.4748687186367968,0.008870073583094589,0.5154845154845155,53,2416,1730,word_similarity_dataset/wordsim353_sim_rel/wordsim_relatedness_goldstandard.txt
-0.39999999999999997,0.7,-0.39999999999999997,0.7428571428571429,4,2416,1730,ConceptSim_dataset/ConceptSim/MC_word.txt
0.24824971037118393,0.031302559858823686,0.24824971037118393,0.03696303696303696,57,2126,1562,word_similarity_dataset/wordsim353_sim_rel/wordsim_similarity_goldstandard.txt
-0.03244876069032127,0.6131641379747254,-0.03244876069032127,0.6163836163836164,81,2126,1562,word_similarity_dataset/wordsim353_sim_rel/wordsim_relatedness_goldstandard.txt
-1.0,1.0,-1.0,1.0,3,2126,1562,ConceptSim_dataset/ConceptSim/MC_word.txt
0.1945609462838242,0.06988780410713862,0.1945609462838242,0.07492507492507493,59,2699,1971,word_similarity_dataset/wordsim353_sim_rel/wordsim_similarity_goldstandard.txt
-0.038421894884298785,0.6308018369493957,-0.038421894884298785,0.6203796203796204,78,2699,1971,word_similarity_dataset/wordsim353_sim_rel/wordsim_relatedness_goldstandard.txt
0.9999999999999999,,0.9999999999999999,0.6666666666666666,2,2699,1971,ConceptSim_dataset/ConceptSim/MC_word.txt
-0.06797783708332479,0.7032332006834496,-0.06797783708332479,0.7092907092907093,64,2578,1944,word_similarity_dataset/wordsim353_sim_rel/wordsim_similarity_goldstandard.txt
0.023923529151205117,0.41658372146815603,0.023923529151205117,0.43156843156843155,80,2578,1944,word_similarity_dataset/wordsim353_sim_rel/wordsim_relatedness_goldstandard.txt
-0.5,0.6666666666666666,-0.5,0.8,3,2578,1944,ConceptSim_dataset/ConceptSim/MC_word.txt
0.1563630550085675,0.1086282570539345,0.1563630550085675,0.11388611388611389,64,2920,2195,word_similarity_dataset/wordsim353_sim_rel/wordsim_similarity_goldstandard.txt
0.01501155829349776,0.44544343535796005,0.01501155829349776,0.45254745254745254,86,2920,2195,word_similarity_dataset/wordsim353_sim_rel/wordsim_relatedness_goldstandard.txt
-0.19999999999999998,0.6,-0.19999999999999998,0.6,4,2920,2195,ConceptSim_dataset/ConceptSim/MC_word.txt
0.09472388934973276,0.23969484633791005,0.09472388934973276,0.2627372627372627,58,3055,2368,word_similarity_dataset/wordsim353_sim_rel/wordsim_similarity_goldstandard.txt
-0.16407976275680075,0.9296243006819042,-0.16407976275680075,0.9250749250749251,82,3055,2368,word_similarity_dataset/wordsim353_sim_rel/wordsim_relatedness_goldstandard.txt
0.5,0.33333333333333337,0.5,0.2,3,3055,2368,ConceptSim_dataset/ConceptSim/MC_word.txt
0.27500870225830853,0.014578676366582353,0.27500870225830853,0.015984015984015984,63,2695,2336,word_similarity_dataset/wordsim353_sim_rel/wordsim_similarity_goldstandard.txt
0.13126293052414037,0.12290164057046865,0.13126293052414037,0.13286713286713286,80,2695,2336,word_similarity_dataset/wordsim353_sim_rel/wordsim_relatedness_goldstandard.txt
-0.19999999999999998,0.6264699609476689,-0.19999999999999998,0.6190476190476191,5,2695,2336,ConceptSim_dataset/ConceptSim/MC_word.txt
0.08160373664394262,0.23165877165200938,0.08160373664394262,0.23576423576423577,83,3227,2691,word_similarity_dataset/wordsim353_sim_rel/wordsim_similarity_goldstandard.txt
-0.06963757603485526,0.7566233853314621,-0.06963757603485526,0.7662337662337663,102,3227,2691,word_similarity_dataset/wordsim353_sim_rel/wordsim_relatedness_goldstandard.txt
-0.48571428571428577,0.8356384839650146,-0.48571428571428577,0.8744588744588745,6,3227,2691,ConceptSim_dataset/ConceptSim/MC_word.txt
0.005929019825994063,0.48160804205944,0.005929019825994063,0.48151848151848153,63,3074,2528,word_similarity_dataset/wordsim353_sim_rel/wordsim_similarity_goldstandard.txt
0.007450902661461304,0.4745329642425348,0.007450902661461304,0.44255744255744256,76,3074,2528,word_similarity_dataset/wordsim353_sim_rel/wordsim_relatedness_goldstandard.txt
-0.7,0.9059397978129063,-0.7,0.8809523809523809,5,3074,2528,ConceptSim_dataset/ConceptSim/MC_word.txt
0.0011023525637622938,0.49638687804992254,0.0011023525637622938,0.5054945054945055,70,3881,2939,word_similarity_dataset/wordsim353_sim_rel/wordsim_similarity_goldstandard.txt
-0.13694338711953555,0.9034901134213065,-0.13694338711953555,0.8941058941058941,92,3881,2939,word_similarity_dataset/wordsim353_sim_rel/wordsim_relatedness_goldstandard.txt
-0.38095238095238104,0.8240937234412176,-0.38095238095238104,0.8411588411588412,8,3881,2939,ConceptSim_dataset/ConceptSim/MC_word.txt
0.12015614842879281,0.17214163132555016,0.12015614842879281,0.18181818181818182,64,3656,3032,word_similarity_dataset/wordsim353_sim_rel/wordsim_similarity_goldstandard.txt
-0.10117826304004013,0.825871403219093,-0.10117826304004013,0.8091908091908092,88,3656,3032,word_similarity_dataset/wordsim353_sim_rel/wordsim_relatedness_goldstandard.txt
-0.19999999999999998,0.6264699609476689,-0.19999999999999998,0.6031746031746031,5,3656,3032,ConceptSim_dataset/ConceptSim/MC_word.txt
0.0617669440706884,0.2895432132614365,0.0617669440706884,0.2727272727272727,83,3609,3127,word_similarity_dataset/wordsim353_sim_rel/wordsim_similarity_goldstandard.txt
-0.1065826931439669,0.8615756765686534,-0.1065826931439669,0.8571428571428571,106,3609,3127,word_similarity_dataset/wordsim353_sim_rel/wordsim_relatedness_goldstandard.txt
0.3714285714285715,0.23423906705539357,0.3714285714285715,0.5021645021645021,6,3609,3127,ConceptSim_dataset/ConceptSim/MC_word.txt
0.13821249472295583,0.11689281219057439,0.13821249472295583,0.14585414585414586,76,3483,3053,word_similarity_dataset/wordsim353_sim_rel/wordsim_similarity_goldstandard.txt
-0.1122061176842168,0.868035624630853,-0.1122061176842168,0.8731268731268731,101,3483,3053,word_similarity_dataset/wordsim353_sim_rel/wordsim_relatedness_goldstandard.txt
-0.4285714285714286,0.8017492711370263,-0.4285714285714286,0.8311688311688312,6,3483,3053,ConceptSim_dataset/ConceptSim/MC_word.txt
-0.03977392064554375,0.6281320570218225,-0.03977392064554375,0.6473526473526473,70,3994,3447,word_similarity_dataset/wordsim353_sim_rel/wordsim_similarity_goldstandard.txt
-0.10744753050194399,0.8646787197857415,-0.10744753050194399,0.8401598401598401,107,3994,3447,word_similarity_dataset/wordsim353_sim_rel/wordsim_relatedness_goldstandard.txt
-1.0,1.0,-1.0,1.0,4,3994,3447,ConceptSim_dataset/ConceptSim/MC_word.txt
-0.03217506995533191,0.6115367778841185,-0.03217506995533191,0.6003996003996004,80,4434,3782,word_similarity_dataset/wordsim353_sim_rel/wordsim_similarity_goldstandard.txt
-0.0927843796156092,0.8231743135040499,-0.0927843796156092,0.7902097902097902,102,4434,3782,word_similarity_dataset/wordsim353_sim_rel/wordsim_relatedness_goldstandard.txt
0.0,0.5,0.0,0.5952380952380952,5,4434,3782,ConceptSim_dataset/ConceptSim/MC_word.txt
-0.0431854853172479,0.656950717341241,-0.0431854853172479,0.6573426573426573,90,3981,3520,word_similarity_dataset/wordsim353_sim_rel/wordsim_similarity_goldstandard.txt
-0.1728161313403825,0.9682099693260298,-0.1728161313403825,0.977022977022977,116,3981,3520,word_similarity_dataset/wordsim353_sim_rel/wordsim_relatedness_goldstandard.txt
-0.03571428571428572,0.5302958972643572,-0.03571428571428572,0.5604395604395604,7,3981,3520,ConceptSim_dataset/ConceptSim/MC_word.txt
-0.015897043932175038,0.5570621085659305,-0.015897043932175038,0.5414585414585414,84,4236,3830,word_similarity_dataset/wordsim353_sim_rel/wordsim_similarity_goldstandard.txt
-0.16728515657077941,0.9582264150439364,-0.16728515657077941,0.962037962037962,108,4236,3830,word_similarity_dataset/wordsim353_sim_rel/wordsim_relatedness_goldstandard.txt
-0.6,0.896,-0.6,0.987012987012987,6,4236,3830,ConceptSim_dataset/ConceptSim/MC_word.txt
-0.061508617809250495,0.720961497728795,-0.061508617809250495,0.7292707292707292,93,4071,3913,word_similarity_dataset/wordsim353_sim_rel/wordsim_similarity_goldstandard.txt
-0.08786555121795449,0.8279601880309124,-0.08786555121795449,0.8531468531468531,118,4071,3913,word_similarity_dataset/wordsim353_sim_rel/wordsim_relatedness_goldstandard.txt
-0.8999999999999998,0.9813069632657506,-0.8999999999999998,1.0,5,4071,3913,ConceptSim_dataset/ConceptSim/MC_word.txt
-0.1765585568755923,0.9480443452673646,-0.1765585568755923,0.9440559440559441,86,4501,4008,word_similarity_dataset/wordsim353_sim_rel/wordsim_similarity_goldstandard.txt
-0.2936154921572445,0.9993102419655924,-0.2936154921572445,0.999000999000999,116,4501,4008,word_similarity_dataset/wordsim353_sim_rel/wordsim_relatedness_goldstandard.txt
-0.7714285714285715,0.963801749271137,-0.7714285714285715,0.974025974025974,6,4501,4008,ConceptSim_dataset/ConceptSim/MC_word.txt
0.11857544366705687,0.1176164041445002,0.11857544366705687,0.1038961038961039,102,5120,4297,word_similarity_dataset/wordsim353_sim_rel/wordsim_similarity_goldstandard.txt
-0.008839199454413249,0.5399078597075554,-0.008839199454413249,0.5134865134865135,131,5120,4297,word_similarity_dataset/wordsim353_sim_rel/wordsim_relatedness_goldstandard.txt
-0.3571428571428572,0.7841943239808361,-0.3571428571428572,0.8091908091908092,7,5120,4297,ConceptSim_dataset/ConceptSim/MC_word.txt
-0.016258453137171114,0.562465560603006,-0.016258453137171114,0.6013986013986014,96,4546,4285,word_similarity_dataset/wordsim353_sim_rel/wordsim_similarity_goldstandard.txt
-0.1296607612970339,0.9292591997735481,-0.1296607612970339,0.929070929070929,130,4546,4285,word_similarity_dataset/wordsim353_sim_rel/wordsim_relatedness_goldstandard.txt
-0.7619047619047621,0.9859975304234642,-0.7619047619047621,0.987012987012987,8,4546,4285,ConceptSim_dataset/ConceptSim/MC_word.txt
0.05457409410814757,0.30068704320476686,0.05457409410814757,0.2947052947052947,94,4687,4652,word_similarity_dataset/wordsim353_sim_rel/wordsim_similarity_goldstandard.txt
-0.1623071309836919,0.9680005057892037,-0.1623071309836919,0.9630369630369631,131,4687,4652,word_similarity_dataset/wordsim353_sim_rel/wordsim_relatedness_goldstandard.txt
-0.07142857142857144,0.5667368646620456,-0.07142857142857144,0.5764235764235764,8,4687,4652,ConceptSim_dataset/ConceptSim/MC_word.txt
-0.043102120914708365,0.6608334575930355,-0.043102120914708365,0.6413586413586414,95,5100,4708,word_similarity_dataset/wordsim353_sim_rel/wordsim_similarity_goldstandard.txt
-0.12689625194975282,0.9216037314700894,-0.12689625194975282,0.9250749250749251,126,5100,4708,word_similarity_dataset/wordsim353_sim_rel/wordsim_relatedness_goldstandard.txt
-0.6571428571428573,0.9219125364431487,-0.6571428571428573,0.948051948051948,6,5100,4708,ConceptSim_dataset/ConceptSim/MC_word.txt
-0.08569577821409352,0.7967796381157399,-0.08569577821409352,0.7932067932067932,96,4727,4718,word_similarity_dataset/wordsim353_sim_rel/wordsim_similarity_goldstandard.txt
-0.1943140493728786,0.9840099855526838,-0.1943140493728786,0.993006993006993,122,4727,4718,word_similarity_dataset/wordsim353_sim_rel/wordsim_relatedness_goldstandard.txt
0.39285714285714296,0.19165843521348633,0.39285714285714296,0.2017982017982018,7,4727,4718,ConceptSim_dataset/ConceptSim/MC_word.txt
0.056181929636659765,0.29035763758267213,0.056181929636659765,0.27472527472527475,99,5177,5037,word_similarity_dataset/wordsim353_sim_rel/wordsim_similarity_goldstandard.txt
-0.21521786264802187,0.9928450302279006,-0.21521786264802187,0.991008991008991,129,5177,5037,word_similarity_dataset/wordsim353_sim_rel/wordsim_relatedness_goldstandard.txt
0.3,0.3119188323905364,0.3,0.24603174603174602,5,5177,5037,ConceptSim_dataset/ConceptSim/MC_word.txt
-0.02516617978809234,0.6024734819783581,-0.02516617978809234,0.6103896103896104,109,5496,5286,word_similarity_dataset/wordsim353_sim_rel/wordsim_similarity_goldstandard.txt
-0.16717386055963335,0.9770128856262857,-0.16717386055963335,0.97002997002997,143,5496,5286,word_similarity_dataset/wordsim353_sim_rel/wordsim_relatedness_goldstandard.txt
-0.18333333333333335,0.6815900941185529,-0.18333333333333335,0.6863136863136863,9,5496,5286,ConceptSim_dataset/ConceptSim/MC_word.txt
0.22461042775631784,0.01094492878881972,0.22461042775631784,0.008991008991008992,104,5739,5198,word_similarity_dataset/wordsim353_sim_rel/wordsim_similarity_goldstandard.txt
-0.045129803449307,0.7004172022407811,-0.045129803449307,0.7142857142857143,138,5739,5198,word_similarity_dataset/wordsim353_sim_rel/wordsim_relatedness_goldstandard.txt
0.1785714285714286,0.35082897125813645,0.1785714285714286,0.35864135864135865,7,5739,5198,ConceptSim_dataset/ConceptSim/MC_word.txt
0.04965477470744558,0.31008341465980754,0.04965477470744558,0.3196803196803197,102,5734,5391,word_similarity_dataset/wordsim353_sim_rel/wordsim_similarity_goldstandard.txt
-0.13161207060619584,0.9401067457113051,-0.13161207060619584,0.9500499500499501,141,5734,5391,word_similarity_dataset/wordsim353_sim_rel/wordsim_relatedness_goldstandard.txt
-0.25,0.7056377759551584,-0.25,0.7302697302697303,7,5734,5391,ConceptSim_dataset/ConceptSim/MC_word.txt
0.10830202375747487,0.1493936096389082,0.10830202375747487,0.15184815184815184,94,5455,5549,word_similarity_dataset/wordsim353_sim_rel/wordsim_similarity_goldstandard.txt
-0.15989498786387368,0.964296257398959,-0.15989498786387368,0.967032967032967,128,5455,5549,word_similarity_dataset/wordsim353_sim_rel/wordsim_relatedness_goldstandard.txt
-0.39285714285714296,0.8083415647865136,-0.39285714285714296,0.8131868131868132,7,5455,5549,ConceptSim_dataset/ConceptSim/MC_word.txt
0.012817702776659685,0.4454514914345291,0.012817702776659685,0.46853146853146854,117,6530,5991,word_similarity_dataset/wordsim353_sim_rel/wordsim_similarity_goldstandard.txt
-0.10217548711438067,0.9021327579809783,-0.10217548711438067,0.8951048951048951,162,6530,5991,word_similarity_dataset/wordsim353_sim_rel/wordsim_relatedness_goldstandard.txt
-0.13939393939393938,0.6495340575449708,-0.13939393939393938,0.6593406593406593,10,6530,5991,ConceptSim_dataset/ConceptSim/MC_word.txt
0.11842770466882356,0.10272914502464107,0.11842770466882356,0.09090909090909091,116,5886,5681,word_similarity_dataset/wordsim353_sim_rel/wordsim_similarity_goldstandard.txt
-0.1373445560637625,0.9578600345736573,-0.1373445560637625,0.965034965034965,159,5886,5681,word_similarity_dataset/wordsim353_sim_rel/wordsim_relatedness_goldstandard.txt
0.20022014315965378,0.2462589689220655,0.20022014315965378,0.23176823176823177,14,5886,5681,ConceptSim_dataset/ConceptSim/MC_word.txt
0.09237621640246213,0.17314488444211484,0.09237621640246213,0.15084915084915085,106,5519,5869,word_similarity_dataset/wordsim353_sim_rel/wordsim_similarity_goldstandard.txt
-0.11216758141682619,0.9080785068821847,-0.11216758141682619,0.9110889110889111,142,5519,5869,word_similarity_dataset/wordsim353_sim_rel/wordsim_relatedness_goldstandard.txt
-0.1666666666666667,0.6533805941358025,-0.1666666666666667,0.6963036963036963,8,5519,5869,ConceptSim_dataset/ConceptSim/MC_word.txt
0.16407837988319665,0.048020830771355806,0.16407837988319665,0.05094905094905095,104,6034,6142,word_similarity_dataset/wordsim353_sim_rel/wordsim_similarity_goldstandard.txt
-0.027722998479289697,0.6283553902238314,-0.027722998479289697,0.6123876123876124,142,6034,6142,word_similarity_dataset/wordsim353_sim_rel/wordsim_relatedness_goldstandard.txt
-0.06666666666666667,0.5676551076868982,-0.06666666666666667,0.5914085914085914,9,6034,6142,ConceptSim_dataset/ConceptSim/MC_word.txt
0.003776260718574955,0.4841677404175227,0.003776260718574955,0.4985014985014985,113,6333,6278,word_similarity_dataset/wordsim353_sim_rel/wordsim_similarity_goldstandard.txt
-0.0826942903812161,0.8460398921697103,-0.0826942903812161,0.8631368631368631,154,6333,6278,word_similarity_dataset/wordsim353_sim_rel/wordsim_relatedness_goldstandard.txt
0.15130688316720062,0.31085352499398633,0.15130688316720062,0.3096903096903097,13,6333,6278,ConceptSim_dataset/ConceptSim/MC_word.txt
0.02668435138591032,0.3875971250039469,0.02668435138591032,0.3936063936063936,117,6388,6589,word_similarity_dataset/wordsim353_sim_rel/wordsim_similarity_goldstandard.txt
-0.18176186850840842,0.9886451112335948,-0.18176186850840842,0.987012987012987,157,6388,6589,word_similarity_dataset/wordsim353_sim_rel/wordsim_relatedness_goldstandard.txt
-0.009090909090909092,0.5105817499279033,-0.009090909090909092,0.5274725274725275,11,6388,6589,ConceptSim_dataset/ConceptSim/MC_word.txt
0.051929756305250076,0.2890880805952466,0.051929756305250076,0.2937062937062937,117,6652,6480,word_similarity_dataset/wordsim353_sim_rel/wordsim_similarity_goldstandard.txt
-0.10231593204540713,0.8973936467470744,-0.10231593204540713,0.8881118881118881,155,6652,6480,word_similarity_dataset/wordsim353_sim_rel/wordsim_relatedness_goldstandard.txt
0.15,0.35004711548457096,0.15,0.35864135864135865,9,6652,6480,ConceptSim_dataset/ConceptSim/MC_word.txt
0.130458899497534,0.09451133031998024,0.130458899497534,0.07092907092907093,103,6388,6774,word_similarity_dataset/wordsim353_sim_rel/wordsim_similarity_goldstandard.txt
-0.03598527722470774,0.6662963056063802,-0.03598527722470774,0.6683316683316683,145,6388,6774,word_similarity_dataset/wordsim353_sim_rel/wordsim_relatedness_goldstandard.txt
-0.2727272727272727,0.7770808292286243,-0.2727272727272727,0.7832167832167832,10,6388,6774,ConceptSim_dataset/ConceptSim/MC_word.txt
0.12845866707857823,0.08853569997559986,0.12845866707857823,0.07392607392607392,112,6869,7037,word_similarity_dataset/wordsim353_sim_rel/wordsim_similarity_goldstandard.txt
-0.1087365900275975,0.9080790521298746,-0.1087365900275975,0.8991008991008991,151,6869,7037,word_similarity_dataset/wordsim353_sim_rel/wordsim_relatedness_goldstandard.txt
-0.15,0.649952884515429,-0.15,0.6643356643356644,9,6869,7037,ConceptSim_dataset/ConceptSim/MC_word.txt
0.09180276070852607,0.16785291358497972,0.09180276070852607,0.16883116883116883,112,6928,7138,word_similarity_dataset/wordsim353_sim_rel/wordsim_similarity_goldstandard.txt
-0.08436231559994276,0.8476510021488323,-0.08436231559994276,0.8361638361638362,150,6928,7138,word_similarity_dataset/wordsim353_sim_rel/wordsim_relatedness_goldstandard.txt
-0.18787878787878787,0.6983911949853955,-0.18787878787878787,0.6913086913086913,10,6928,7138,ConceptSim_dataset/ConceptSim/MC_word.txt
0.11763281191292566,0.10426916013219914,0.11763281191292566,0.1088911088911089,116,6823,7251,word_similarity_dataset/wordsim353_sim_rel/wordsim_similarity_goldstandard.txt
-0.07046515116368356,0.8034350437494996,-0.07046515116368356,0.8141858141858141,149,6823,7251,word_similarity_dataset/wordsim353_sim_rel/wordsim_relatedness_goldstandard.txt
0.06993006993006995,0.4145118202656546,0.06993006993006995,0.4275724275724276,12,6823,7251,ConceptSim_dataset/ConceptSim/MC_word.txt
0.018887046792174497,0.41991175751016013,0.018887046792174497,0.43156843156843155,117,6943,7351,word_similarity_dataset/wordsim353_sim_rel/wordsim_similarity_goldstandard.txt
-0.07588289123873257,0.8235981436509687,-0.07588289123873257,0.8251748251748252,152,6943,7351,word_similarity_dataset/wordsim353_sim_rel/wordsim_relatedness_goldstandard.txt
-0.4545454545454545,0.906547594825334,-0.4545454545454545,0.906093906093906,10,6943,7351,ConceptSim_dataset/ConceptSim/MC_word.txt
0.11216515790242107,0.11844192312554468,0.11216515790242107,0.11588411588411589,113,6949,7999,word_similarity_dataset/wordsim353_sim_rel/wordsim_similarity_goldstandard.txt
-0.11429398925329115,0.9195539804822797,-0.11429398925329115,0.9100899100899101,152,6949,7999,word_similarity_dataset/wordsim353_sim_rel/wordsim_relatedness_goldstandard.txt
-0.5428571428571429,0.8671486880466472,-0.5428571428571429,0.8744588744588745,6,6949,7999,ConceptSim_dataset/ConceptSim/MC_word.txt
0.050054252489566756,0.29762576102880467,0.050054252489566756,0.27472527472527475,115,6862,7734,word_similarity_dataset/wordsim353_sim_rel/wordsim_similarity_goldstandard.txt
-0.13054402983554875,0.9484093257295474,-0.13054402983554875,0.932067932067932,157,6862,7734,word_similarity_dataset/wordsim353_sim_rel/wordsim_relatedness_goldstandard.txt
0.09523809523809526,0.4112527151018057,0.09523809523809526,0.4485514485514486,8,6862,7734,ConceptSim_dataset/ConceptSim/MC_word.txt
-0.04903233451740865,0.698601405199698,-0.04903233451740865,0.7062937062937062,115,6815,7800,word_similarity_dataset/wordsim353_sim_rel/wordsim_similarity_goldstandard.txt
-0.03646473835842309,0.6732762615030154,-0.03646473835842309,0.6943056943056943,154,6815,7800,word_similarity_dataset/wordsim353_sim_rel/wordsim_relatedness_goldstandard.txt
-0.25,0.7417552238493869,-0.25,0.7702297702297702,9,6815,7800,ConceptSim_dataset/ConceptSim/MC_word.txt
-0.011442990448022853,0.5458921343977898,-0.011442990448022853,0.5314685314685315,104,6834,7584,word_similarity_dataset/wordsim353_sim_rel/wordsim_similarity_goldstandard.txt
-0.16897418347418536,0.9809637540848322,-0.16897418347418536,0.9820179820179821,151,6834,7584,word_similarity_dataset/wordsim353_sim_rel/wordsim_relatedness_goldstandard.txt
-0.3666666666666667,0.8341300992834925,-0.3666666666666667,0.8381618381618382,9,6834,7584,ConceptSim_dataset/ConceptSim/MC_word.txt
0.15506414527081028,0.04752100931636085,0.15506414527081028,0.05094905094905095,117,6947,7930,word_similarity_dataset/wordsim353_sim_rel/wordsim_similarity_goldstandard.txt
-0.04043499292053176,0.6883871013905005,-0.04043499292053176,0.7022977022977023,150,6947,7930,word_similarity_dataset/wordsim353_sim_rel/wordsim_relatedness_goldstandard.txt
0.6043956043956044,0.01433635283570348,0.6043956043956044,0.015984015984015984,13,6947,7930,ConceptSim_dataset/ConceptSim/MC_word.txt
0.06701101615144756,0.2345014404279273,0.06701101615144756,0.22777222777222778,119,6769,7789,word_similarity_dataset/wordsim353_sim_rel/wordsim_similarity_goldstandard.txt
-0.07037105534935734,0.8086543455673387,-0.07037105534935734,0.8171828171828172,156,6769,7789,word_similarity_dataset/wordsim353_sim_rel/wordsim_relatedness_goldstandard.txt
-0.45,0.8878919462538317,-0.45,0.9080919080919081,9,6769,7789,ConceptSim_dataset/ConceptSim/MC_word.txt
0.04569630505495707,0.32172355508305384,0.04569630505495707,0.32667332667332666,105,6767,7981,word_similarity_dataset/wordsim353_sim_rel/wordsim_similarity_goldstandard.txt
-0.08303190289587818,0.8404663308983356,-0.08303190289587818,0.8511488511488512,146,6767,7981,word_similarity_dataset/wordsim353_sim_rel/wordsim_relatedness_goldstandard.txt
-0.6,0.896,-0.6,0.8701298701298701,6,6767,7981,ConceptSim_dataset/ConceptSim/MC_word.txt
0.16358337498001474,0.034732150817914094,0.16358337498001474,0.03296703296703297,124,7045,8240,word_similarity_dataset/wordsim353_sim_rel/wordsim_similarity_goldstandard.txt
-0.04619080842885007,0.7208938606446504,-0.04619080842885007,0.7282717282717283,163,7045,8240,word_similarity_dataset/wordsim353_sim_rel/wordsim_relatedness_goldstandard.txt
0.08333333333333334,0.415607048855154,0.08333333333333334,0.37462537462537465,9,7045,8240,ConceptSim_dataset/ConceptSim/MC_word.txt
0.1196643625371082,0.1044270483790885,0.1196643625371082,0.09290709290709291,112,7459,8455,word_similarity_dataset/wordsim353_sim_rel/wordsim_similarity_goldstandard.txt
-0.06533466402197531,0.7926340741563518,-0.06533466402197531,0.8081918081918081,158,7459,8455,word_similarity_dataset/wordsim353_sim_rel/wordsim_relatedness_goldstandard.txt
0.5714285714285715,0.06947997858035335,0.5714285714285715,0.06293706293706294,8,7459,8455,ConceptSim_dataset/ConceptSim/MC_word.txt
0.07176082484782789,0.22098522125319497,0.07176082484782789,0.22577422577422576,117,7276,8557,word_similarity_dataset/wordsim353_sim_rel/wordsim_similarity_goldstandard.txt
3.806600798874285e-05,0.4998100209712163,3.806600798874285e-05,0.4975024975024975,159,7276,8557,word_similarity_dataset/wordsim353_sim_rel/wordsim_relatedness_goldstandard.txt
0.3216783216783217,0.15395493809032632,0.3216783216783217,0.14385614385614387,12,7276,8557,ConceptSim_dataset/ConceptSim/MC_word.txt
0.17193982127740248,0.028610302595425637,0.17193982127740248,0.03296703296703297,123,8498,9087,word_similarity_dataset/wordsim353_sim_rel/wordsim_similarity_goldstandard.txt
0.05626263815820004,0.23576667898077674,0.05626263815820004,0.22277722277722278,166,8498,9087,word_similarity_dataset/wordsim353_sim_rel/wordsim_relatedness_goldstandard.txt
0.28181818181818186,0.20057244898023924,0.28181818181818186,0.2047952047952048,11,8498,9087,ConceptSim_dataset/ConceptSim/MC_word.txt
0.16514572867010285,0.0334037118748069,0.16514572867010285,0.030969030969030968,124,8555,9365,word_similarity_dataset/wordsim353_sim_rel/wordsim_similarity_goldstandard.txt
-0.02308818501750801,0.6178132888442871,-0.02308818501750801,0.6153846153846154,171,8555,9365,word_similarity_dataset/wordsim353_sim_rel/wordsim_relatedness_goldstandard.txt
0.39860139860139865,0.09966774730890449,0.39860139860139865,0.1008991008991009,12,8555,9365,ConceptSim_dataset/ConceptSim/MC_word.txt
0.08425891364298575,0.17807356363223953,0.08425891364298575,0.18981018981018982,122,8048,9219,word_similarity_dataset/wordsim353_sim_rel/wordsim_similarity_goldstandard.txt
-0.08142111384063135,0.84542582875918,-0.08142111384063135,0.8331668331668332,158,8048,9219,word_similarity_dataset/wordsim353_sim_rel/wordsim_relatedness_goldstandard.txt
0.30069930069930073,0.17112976447001232,0.30069930069930073,0.17682317682317683,12,8048,9219,ConceptSim_dataset/ConceptSim/MC_word.txt
0.03438813060015987,0.3528637144768362,0.03438813060015987,0.33966033966033965,123,8217,9316,word_similarity_dataset/wordsim353_sim_rel/wordsim_similarity_goldstandard.txt
-0.06568560284315625,0.7975956468256996,-0.06568560284315625,0.8121878121878122,163,8217,9316,word_similarity_dataset/wordsim353_sim_rel/wordsim_relatedness_goldstandard.txt
-0.2517482517482518,0.785040607483558,-0.2517482517482518,0.7822177822177823,12,8217,9316,ConceptSim_dataset/ConceptSim/MC_word.txt
0.047296097836123284,0.2965499088557839,0.047296097836123284,0.3146853146853147,130,7856,9258,word_similarity_dataset/wordsim353_sim_rel/wordsim_similarity_goldstandard.txt
0.02418639244312792,0.3743097491611931,0.02418639244312792,0.37662337662337664,178,7856,9258,word_similarity_dataset/wordsim353_sim_rel/wordsim_relatedness_goldstandard.txt
0.3706293706293707,0.11781050175632285,0.3706293706293707,0.13086913086913088,12,7856,9258,ConceptSim_dataset/ConceptSim/MC_word.txt
0.034543045854313593,0.34934414155656035,0.034543045854313593,0.3086913086913087,128,8360,9803,word_similarity_dataset/wordsim353_sim_rel/wordsim_similarity_goldstandard.txt
-0.043919306741609015,0.7128929552815213,-0.043919306741609015,0.7282717282717283,166,8360,9803,word_similarity_dataset/wordsim353_sim_rel/wordsim_relatedness_goldstandard.txt
0.5909090909090909,0.027787802144387315,0.5909090909090909,0.029970029970029972,11,8360,9803,ConceptSim_dataset/ConceptSim/MC_word.txt
0.08901361894810922,0.1710024113756961,0.08901361894810922,0.1848151848151848,116,8092,9686,word_similarity_dataset/wordsim353_sim_rel/wordsim_similarity_goldstandard.txt
-0.0060700350379611825,0.5303617463033753,-0.0060700350379611825,0.5094905094905094,160,8092,9686,word_similarity_dataset/wordsim353_sim_rel/wordsim_relatedness_goldstandard.txt
0.10909090909090911,0.3747542981170741,0.10909090909090911,0.3966033966033966,11,8092,9686,ConceptSim_dataset/ConceptSim/MC_word.txt
0.08164028751595263,0.17418199206053409,0.08164028751595263,0.17382617382617382,134,7959,9515,word_similarity_dataset/wordsim353_sim_rel/wordsim_similarity_goldstandard.txt
-0.05187602990799781,0.7472303102893176,-0.05187602990799781,0.7442557442557443,167,7959,9515,word_similarity_dataset/wordsim353_sim_rel/wordsim_relatedness_goldstandard.txt
0.014285714285714282,0.4798498822994738,0.014285714285714282,0.43356643356643354,15,7959,9515,ConceptSim_dataset/ConceptSim/MC_word.txt
0.1870004558881352,0.014039264301720276,0.1870004558881352,0.008991008991008992,138,8583,9979,word_similarity_dataset/wordsim353_sim_rel/wordsim_similarity_goldstandard.txt
0.0337595866693926,0.3277671936619261,0.0337595866693926,0.3156843156843157,177,8583,9979,word_similarity_dataset/wordsim353_sim_rel/wordsim_relatedness_goldstandard.txt
0.4450549450549451,0.06376191806921838,0.4450549450549451,0.06293706293706294,13,8583,9979,ConceptSim_dataset/ConceptSim/MC_word.txt
0.18628905695146838,0.019965201167298302,0.18628905695146838,0.022977022977022976,122,8281,9794,word_similarity_dataset/wordsim353_sim_rel/wordsim_similarity_goldstandard.txt
-0.009407492683180732,0.5483098933132756,-0.009407492683180732,0.5324675324675324,169,8281,9794,word_similarity_dataset/wordsim353_sim_rel/wordsim_relatedness_goldstandard.txt
0.13636363636363638,0.34465451029318095,0.13636363636363638,0.3546453546453546,11,8281,9794,ConceptSim_dataset/ConceptSim/MC_word.txt
0.16518860484884398,0.03281229563329464,0.16518860484884398,0.03296703296703297,125,8938,10329,word_similarity_dataset/wordsim353_sim_rel/wordsim_similarity_goldstandard.txt
0.07082897459355358,0.1800714486703141,0.07082897459355358,0.17382617382617382,169,8938,10329,word_similarity_dataset/wordsim353_sim_rel/wordsim_relatedness_goldstandard.txt
0.20979020979020982,0.25642047159091313,0.20979020979020982,0.26573426573426573,12,8938,10329,ConceptSim_dataset/ConceptSim/MC_word.txt
0.08355751192541588,0.16405099968386427,0.08355751192541588,0.18081918081918083,139,8068,10223,word_similarity_dataset/wordsim353_sim_rel/wordsim_similarity_goldstandard.txt
-0.046712053015836315,0.7315136837192584,-0.046712053015836315,0.7232767232767233,177,8068,10223,word_similarity_dataset/wordsim353_sim_rel/wordsim_relatedness_goldstandard.txt
0.22833584187050274,0.22653067317127484,0.22833584187050274,0.21978021978021978,13,8068,10223,ConceptSim_dataset/ConceptSim/MC_word.txt
0.10382800536318769,0.12364001843369349,0.10382800536318769,0.11788211788211789,126,9158,10665,word_similarity_dataset/wordsim353_sim_rel/wordsim_similarity_goldstandard.txt
-0.07498140172413892,0.8393748524240933,-0.07498140172413892,0.8501498501498501,177,9158,10665,word_similarity_dataset/wordsim353_sim_rel/wordsim_relatedness_goldstandard.txt
0.24545454545454545,0.23346118349100814,0.24545454545454545,0.27172827172827174,11,9158,10665,ConceptSim_dataset/ConceptSim/MC_word.txt
0.1666653234948186,0.032705163475310675,0.1666653234948186,0.03696303696303696,123,8960,11206,word_similarity_dataset/wordsim353_sim_rel/wordsim_similarity_goldstandard.txt
-0.03710447249852479,0.6824670871478177,-0.03710447249852479,0.6743256743256744,166,8960,11206,word_similarity_dataset/wordsim353_sim_rel/wordsim_relatedness_goldstandard.txt
0.14301438797118127,0.31286677560844656,0.14301438797118127,0.2937062937062937,14,8960,11206,ConceptSim_dataset/ConceptSim/MC_word.txt
0.19003505824208586,0.014229179360479698,0.19003505824208586,0.01898101898101898,133,8744,10659,word_similarity_dataset/wordsim353_sim_rel/wordsim_similarity_goldstandard.txt
0.03938547457159951,0.3018853802124281,0.03938547457159951,0.2867132867132867,176,8744,10659,word_similarity_dataset/wordsim353_sim_rel/wordsim_relatedness_goldstandard.txt
-0.2087912087912088,0.7631105813450931,-0.2087912087912088,0.7692307692307693,14,8744,10659,ConceptSim_dataset/ConceptSim/MC_word.txt
0.21508985352578736,0.007380278039121806,0.21508985352578736,0.007992007992007992,128,8731,10738,word_similarity_dataset/wordsim353_sim_rel/wordsim_similarity_goldstandard.txt
0.0043527086517955,0.47801177195738953,0.0043527086517955,0.4875124875124875,163,8731,10738,word_similarity_dataset/wordsim353_sim_rel/wordsim_relatedness_goldstandard.txt
0.4382352941176471,0.044765015995939975,0.4382352941176471,0.04895104895104895,16,8731,10738,ConceptSim_dataset/ConceptSim/MC_word.txt
0.08899736745283877,0.16281651648413065,0.08899736745283877,0.16483516483516483,124,8763,10725,word_similarity_dataset/wordsim353_sim_rel/wordsim_similarity_goldstandard.txt
-0.10525611918434397,0.9140374731560927,-0.10525611918434397,0.9230769230769231,170,8763,10725,word_similarity_dataset/wordsim353_sim_rel/wordsim_relatedness_goldstandard.txt
0.24175824175824176,0.21308775979725442,0.24175824175824176,0.21178821178821178,13,8763,10725,ConceptSim_dataset/ConceptSim/MC_word.txt
0.08854728767670453,0.1701671263295122,0.08854728767670453,0.17782217782217782,118,8734,10952,word_similarity_dataset/wordsim353_sim_rel/wordsim_similarity_goldstandard.txt
-0.052169422661957,0.7438205512835738,-0.052169422661957,0.7602397602397603,160,8734,10952,word_similarity_dataset/wordsim353_sim_rel/wordsim_relatedness_goldstandard.txt
-0.5148077137633719,0.947428364463327,-0.5148077137633719,0.9590409590409591,11,8734,10952,ConceptSim_dataset/ConceptSim/MC_word.txt
0.061266942762768346,0.24604060927344096,0.061266942762768346,0.27172827172827174,128,8522,10931,word_similarity_dataset/wordsim353_sim_rel/wordsim_similarity_goldstandard.txt
-0.09934846728726536,0.8999490819646585,-0.09934846728726536,0.9140859140859141,168,8522,10931,word_similarity_dataset/wordsim353_sim_rel/wordsim_relatedness_goldstandard.txt
-0.10545133790756898,0.64580731283046,-0.10545133790756898,0.6023976023976024,15,8522,10931,ConceptSim_dataset/ConceptSim/MC_word.txt
MEN,0.04988111875170694
WS353,-0.013127204912834768
SIMLEX999,0.08990508157951571
MEN,0.028611057454317107
WS353,0.026221099294018235
SIMLEX999,-0.025913224213364294
MEN,0.028611057454317107
WS353,0.026221099294018235
SIMLEX999,-0.025913224213364294
16846,28691,MEN,0.028611057454317107
16846,28691,WS353,0.026221099294018235
16846,28691,SIMLEX999,-0.025913224213364294
